 step =         0   Time =  0.00000000E+00  Etot = -0.21940440E+02  Ekin  =  0.00000000E+00  Utot      = -0.21940440E+02  U_vdw     = -0.21940440E+02  U_coul   =  0.00000000E+00
 step =         0   Time =  0.00000000E+00  Temp =  0.00000000E+00  Press =  0.30282447E-01  Pvir_vdw  =  0.18900819E-03  Pvir_coul =  0.00000000E+00  Volume   =  0.92528897E+04  Htot = -0.21940440E+02
